0.0146122 -0.0107315 -0.0151828 0.0093477 0.0004790 0.0033669 0.0037271 -0.0214300 0.0034643 0.0062597 0.0238282 -0.0165228 0.0254746 0.0014678 0.0253436 0.0202487 0.0238562 0.0066018 0.0015275 -0.0228813 0.0032978 0.0108375 0.0272174 -0.0108368 -0.0348244 0.0161539 0.0099918 -0.0010921 0.0061703 0.0175817 0.0032997 -0.0207689 0.0052970 0.0092584 0.0027497 0.0117301 0.0116089 
-0.0002193 0.0003541 0.0142101 0.0094461 0.0185429 -0.0034824 0.0035880 0.0405151 0.0306665 0.0034822 -0.0057841 -0.0120807 0.0077597 0.0091585 0.0331768 0.0153298 0.0349699 0.0005669 0.0076423 -0.0009811 -0.0046473 -0.0111688 0.0005573 0.0021751 0.0283033 0.0109436 0.0139277 0.0263247 0.0212027 0.0244733 -0.0049226 0.0234953 0.0000535 -0.0366160 0.0321302 -0.0029295 0.0087831 
-0.0015335 0.0239218 0.0018303 0.0019359 0.0034409 0.0011230 0.0258291 0.0095590 0.0113463 0.0046673 0.0145748 0.0356307 -0.0301500 0.0083852 0.0142637 0.0245355 0.0043562 0.0089804 0.0213898 0.0174437 0.0213052 0.0122571 -0.0254360 0.0035430 0.0012298 0.0022738 0.0182662 0.0159223 0.0318167 0.0095662 -0.0069731 0.0047165 0.0024282 0.0163110 -0.0105925 0.0122609 -0.0243916 
0.0010263 0.0303932 0.0409594 0.0118356 0.0080478 -0.0186925 -0.0081827 0.0024765 0.0008597 0.0073105 0.0202882 0.0133355 0.0014594 0.0274168 0.0105334 0.0210781 0.0012788 -0.0202314 -0.0089456 0.0151188 0.0030895 0.0002923 0.0384770 -0.0280862 0.0077867 0.0022722 0.0295554 0.0202024 0.0022164 0.0193194 0.0314476 -0.0284789 0.0048959 0.0143755 -0.0004097 0.0013141 0.0396254 
0.0110478 0.0009411 -0.0103202 0.0371756 0.0118050 0.0157460 0.0197189 0.0279329 -0.0195530 0.0195258 0.0044245 -0.0003032 -0.0325063 0.0269966 -0.0286910 0.0209014 -0.0136411 0.0123718 0.0059209 0.0181512 0.0362115 0.0056433 0.0026891 0.0022806 0.0078749 -0.0131447 0.0375809 0.0149970 -0.0049677 0.0087818 0.0171362 0.0021734 -0.0075042 0.0059158 0.0001609 0.0277660 0.0153325 
0.0153016 0.0141834 0.0201590 0.0215160 0.0053693 0.0186345 0.0112443 0.0160097 -0.0201074 0.0159074 0.0137685 -0.0101363 -0.0237630 0.0103021 0.0130715 0.0067887 0.0032553 0.0170653 0.0115712 0.0107764 -0.0150840 -0.0027516 -0.0041165 0.0115824 0.0001605 0.0168797 0.0421933 -0.0026817 0.0318875 0.0189613 0.0193074 0.0006179 0.0340032 0.0049620 0.0003312 0.0129715 -0.0277472 
0.0029096 0.0046085 0.0185613 0.0154759 -0.0003282 0.0046265 -0.0058000 0.0049616 0.0184241 0.0130628 0.0087307 0.0101008 0.0011532 0.0160888 0.0085319 -0.0064824 0.0038644 0.0052910 -0.0022758 0.0311953 0.0031251 -0.0206075 -0.0059311 -0.0363124 0.0316975 0.0105945 0.0179456 0.0169568 0.0131994 0.0074914 0.0148046 0.0345027 0.0036189 0.0035916 0.0135839 0.0034777 0.0263012 
0.0063883 -0.0022397 -0.0328494 0.0022941 -0.0078205 0.0014898 0.0245880 0.0250168 0.0308534 0.0282586 0.0230872 0.0412993 0.0155509 0.0284686 0.0394868 0.0043382 0.0209526 0.0009380 0.0014772 0.0158825 0.0139884 0.0266951 0.0069380 0.0173593 0.0157988 -0.0206785 -0.0132274 -0.0136991 -0.0096895 0.0148936 0.0180044 -0.0269866 0.0033629 0.0070062 0.0085653 -0.0252719 0.0265332 
-0.0167180 -0.0119058 0.0033520 0.0074345 0.0162164 0.0081855 0.0070614 -0.0250843 -0.0062106 0.0078397 -0.0022780 0.0019284 0.0349909 0.0067161 0.0128679 0.0223348 0.0102532 0.0006319 -0.0047035 0.0065557 -0.0281140 0.0001092 0.0172887 0.0387781 0.0009106 -0.0113870 0.0079881 0.0104291 0.0029086 -0.0068711 0.0063795 0.0087671 0.0169521 0.0528222 -0.0172651 -0.0019071 0.0041225 
0.0152061 0.0360708 0.0118817 0.0000762 0.0096639 0.0101762 0.0015683 -0.0284066 0.0023488 -0.0068891 0.0028625 -0.0015101 -0.0104431 0.0012271 0.0320516 0.0152561 0.0274435 0.0306910 -0.0159253 -0.0050321 0.0135443 0.0071871 0.0072648 -0.0100100 0.0102282 -0.0227629 0.0155773 0.0329630 0.0082253 0.0101253 0.0381976 0.0063097 0.0271599 0.0255026 0.0095475 0.0150057 0.0047877 
0.0104313 0.0262762 0.0258916 -0.0241539 0.0200835 0.0163884 0.0033567 0.0199415 0.0033090 0.0304871 0.0078092 -0.0001677 0.0040427 0.0048499 0.0066491 -0.0237805 0.0073138 0.0044760 -0.0039268 0.0363289 0.0024788 0.0128060 0.0142686 0.0028720 -0.0075858 0.0014901 0.0069365 0.0118189 0.0093626 0.0176222 -0.0132569 0.0055583 0.0091039 -0.0070181 0.0176777 0.0114666 0.0121220 
0.0088473 0.0061519 -0.0032190 0.0022016 0.0366309 0.0055206 -0.0215906 0.0029718 0.0073348 0.0028167 -0.0041049 0.0124062 -0.0099320 -0.0016912 0.0396460 0.0063633 -0.0271992 -0.0026989 0.0036116 -0.0100008 -0.0411025 0.0145111 0.0003801 0.0016793 -0.0184486 0.0109791 0.0064439 -0.0119464 0.0222377 0.0352933 0.0366300 0.0036700 0.0070500 -0.0072718 0.0027260 0.0002899 0.0123531 
0.0225639 -0.0063900 -0.0007855 0.0109877 0.0005903 0.0095432 0.0058321 0.0049842 0.0050210 -0.0026046 -0.0279960 0.0501581 -0.0099523 0.0032688 -0.0128502 0.0335150 0.0294646 0.0036898 -0.0284874 0.0077671 0.0149505 0.0054849 0.0202929 0.0025709 0.0248761 0.0018130 0.0234310 0.0068134 0.0159768 -0.0103176 0.0249554 0.0206064 0.0287085 -0.0004310 0.0325282 0.0036247 -0.0072995 
0.0004061 0.0060246 0.0120378 -0.0123085 0.0252846 0.0012145 0.0186674 0.0078991 0.0136596 -0.0146296 -0.0252618 -0.0022053 0.0065599 0.0173977 0.0040593 0.0158739 0.0115566 0.0008620 0.0198514 -0.0176214 0.0092961 -0.0130423 0.0027620 -0.0286727 0.0026142 0.0045502 0.0273989 0.0242917 0.0141799 0.0274668 0.0081679 0.0242779 0.0135726 0.0022301 0.0266732 0.0309068 0.0012113 
0.0040705 -0.0184653 0.0301275 0.0384850 0.0014060 0.0023286 0.0270739 -0.0088758 0.0014044 -0.0027408 0.0069238 -0.0042295 0.0145884 0.0133853 0.0088894 0.0217459 -0.0112533 0.0114672 0.0005474 -0.0117319 0.0009143 0.0016874 -0.0307486 0.0329807 0.0041873 0.0073736 0.0373147 0.0090322 0.0041788 -0.0097169 0.0111058 0.0328630 0.0015371 0.0113438 0.0039144 0.0133869 0.0054224 
0.0471182 0.0022442 0.0000979 0.0109144 0.0087245 0.0024429 -0.0134613 0.0014901 0.0078643 0.0049460 0.0037761 0.0073843 0.0002452 0.0092443 0.0100717 0.0223647 0.0100267 0.0274529 0.0164717 0.0180695 0.0054189 -0.0067477 -0.0099540 -0.0306886 0.0079568 0.0042905 0.0035527 0.0101218 0.0067096 0.0161122 0.0079625 -0.0086169 0.0185810 0.0004868 -0.0062131 0.0044583 0.0090464 
0.0047743 0.0208452 -0.0117708 0.0027538 0.0015081 0.0054190 -0.0081014 -0.0086527 0.0030466 0.0017676 0.0255071 0.0078619 0.0174166 0.0119197 -0.0035770 0.0119255 0.0390233 0.0099525 0.0473740 0.0324578 0.0175463 0.0109962 -0.0001280 0.0422909 0.0013946 0.0241845 0.0079588 0.0014898 0.0046605 0.0162309 0.0026303 0.0123276 0.0017140 0.0227213 0.0043252 0.0083186 0.0498740 
0.0486433 0.0003310 0.0255274 0.0186748 0.0005721 0.0149162 0.0098201 -0.0035383 0.0066043 0.0135933 0.0024253 0.0242216 0.0044075 0.0383239 0.0311664 0.0179191 0.0048693 -0.0095045 0.0172833 0.0395982 0.0253200 0.0033689 0.0058468 0.0249389 0.0027049 -0.0055429 0.0019138 0.0112484 0.0020028 0.0065812 0.0013641 -0.0044812 0.0031646 0.0082346 0.0116066 -0.0115647 0.0012223 
-0.0182435 0.0031004 0.0111744 -0.0085099 0.0245344 -0.0068762 0.0411363 -0.0303449 0.0208262 -0.0167788 -0.0024105 0.0094367 0.0124520 0.0032876 -0.0263077 0.0009751 -0.0087201 -0.0189005 0.0006305 0.0088553 -0.0375001 0.0058234 -0.0106033 0.0320977 0.0125886 -0.0516037 0.0352009 0.0205410 0.0093662 0.0100185 0.0019422 0.0110280 0.0425482 -0.0081479 0.0013822 0.0160461 0.0280693 
-0.0044310 0.0153724 0.0104040 -0.0064222 -0.0185017 -0.0341799 -0.0209255 0.0292961 0.0080626 0.0131177 0.0030201 0.0073384 0.0173691 0.0032808 0.0244192 0.0095741 0.0104529 0.0011461 0.0184435 -0.0359086 0.0142359 0.0038841 0.0034517 0.0199520 0.0057379 -0.0019835 0.0000711 0.0042911 0.0046690 0.0070767 0.0136440 -0.0147375 -0.0290468 -0.0298592 -0.0350890 -0.0401955 0.0282238 
0.0285285 -0.0029287 0.0004188 0.0073125 0.0057071 0.0233429 0.0128116 -0.0289859 0.0117809 0.0300120 0.0071914 0.0151947 0.0008363 -0.0130695 0.0044251 0.0143989 0.0049325 0.0030745 0.0203722 0.0149849 -0.0067916 0.0034467 0.0143497 0.0034779 -0.0243703 0.0052573 0.0133957 0.0057866 -0.0026956 0.0150247 0.0066004 0.0035151 -0.0259741 -0.0119116 0.0125342 -0.0125904 0.0110359 
0.0051512 0.0272679 0.0119075 0.0093701 0.0054290 0.0152658 0.0124369 -0.0042423 -0.0047877 0.0022181 0.0021152 0.0037865 0.0003963 -0.0130421 -0.0044259 0.0175203 0.0032406 0.0080438 0.0228497 -0.0044708 0.0088136 0.0405553 0.0012351 0.0105836 -0.0286690 -0.0127177 0.0260382 -0.0268948 0.0146728 0.0096028 0.0104245 -0.0167290 -0.0169048 0.0032355 0.0082021 0.0186892 0.0125760 
0.0147343 0.0145327 0.0247199 0.0050928 0.0065999 -0.0137073 -0.0005982 -0.0093809 0.0138784 0.0336692 0.0084887 0.0405394 0.0156524 -0.0164067 0.0091080 0.0039409 0.0144783 0.0144578 0.0164470 0.0021559 -0.0195047 -0.0055883 0.0063003 -0.0092982 -0.0296713 -0.0022165 0.0075590 0.0151988 0.0082380 0.0125487 0.0126001 0.0075723 -0.0030347 -0.0396230 -0.0099772 -0.0055447 0.0311820 
0.0213526 0.0297541 0.0039506 0.0095832 0.0054471 0.0080395 0.0098786 -0.0063759 -0.0213463 0.0022847 0.0068649 0.0112316 0.0051424 0.0129785 0.0135800 0.0153664 0.0118444 0.0244031 0.0221468 0.0084677 -0.0278299 0.0104319 -0.0072831 0.0025438 0.0056225 0.0004246 0.0292643 0.0039010 -0.0045913 0.0255199 0.0150815 -0.0012682 0.0076051 0.0014819 0.0035271 0.0004749 0.0147359 
-0.0145408 0.0110949 -0.0114417 -0.0183603 0.0046855 0.0055616 -0.0112016 -0.0003922 -0.0107488 -0.0166173 0.0024956 -0.0003998 0.0067359 0.0354491 0.0245846 0.0067211 0.0020093 0.0155648 0.0025579 -0.0047536 0.0195305 0.0059357 -0.0202713 0.0371782 -0.0096715 0.0395013 -0.0018001 0.0051550 -0.0118413 0.0154112 0.0003427 -0.0423719 0.0170503 0.0290530 0.0212229 0.0153225 0.0067592 
0.0074754 0.0318360 0.0322438 0.0143722 0.0369722 0.0451493 0.0005194 -0.0227313 0.0365450 0.0111412 0.0203106 0.0333317 0.0171501 -0.0135926 0.0016810 -0.0439873 0.0084037 0.0193832 0.0210527 -0.0002112 0.0085075 0.0010023 0.0257755 -0.0072474 0.0204966 0.0096410 0.0327913 0.0282639 0.0012852 0.0012687 -0.0016705 0.0078370 -0.0049927 -0.0025771 -0.0203264 0.0280470 0.0213803 
0.0023883 -0.0379124 0.0083797 0.0087119 0.0099330 0.0100187 0.0165735 -0.0114754 0.0221781 0.0000160 -0.0170717 -0.0321451 0.0209758 0.0175102 0.0074527 0.0103930 0.0024292 0.0025373 0.0114812 0.0008131 -0.0276267 -0.0081507 0.0064360 -0.0036230 -0.0063601 0.0375526 0.0231585 0.0074530 0.0201867 -0.0018434 0.0007492 0.0405705 -0.0128614 0.0010766 -0.0152644 0.0020724 0.0279819 
0.0026704 0.0048847 0.0161247 0.0203921 0.0140928 -0.0218589 0.0182945 0.0231970 0.0137550 0.0082471 0.0230224 0.0137366 0.0055088 -0.0141260 0.0080590 0.0168829 0.0137406 0.0319927 0.0086681 0.0099016 -0.0129955 0.0072337 0.0031226 0.0261829 -0.0225983 0.0027006 0.0092890 0.0040526 0.0072379 0.0035151 0.0231504 -0.0012912 0.0103817 0.0085875 -0.0071702 0.0100224 0.0161192 
0.0050126 0.0006807 0.0128408 0.0143142 0.0055630 -0.0360299 0.0029557 0.0134979 0.0088672 0.0045356 0.0237445 0.0066185 0.0064142 -0.0022055 -0.0307097 0.0218406 0.0345976 0.0088368 0.0120915 0.0064128 -0.0031544 -0.0116408 0.0077230 0.0067637 -0.0141100 0.0128625 0.0073469 0.0134950 0.0016128 0.0042688 -0.0137969 0.0017612 -0.0157515 0.0002189 -0.0012565 0.0276283 0.0160327 
0.0093682 -0.0067760 0.0027622 -0.0131218 0.0216851 0.0001175 0.0192757 0.0019732 0.0095857 0.0060333 0.0058394 0.0136099 0.0059190 0.0007930 0.0376327 0.0123862 0.0128221 0.0037850 -0.0358870 0.0057591 0.0111134 0.0243060 -0.0171531 0.0109873 0.0010102 0.0149649 0.0046008 0.0466108 0.0026378 -0.0014867 0.0108960 0.0030046 -0.0006337 -0.0401611 0.0215536 0.0077990 0.0077696 
0.0135818 -0.0242995 -0.0258301 -0.0050984 0.0228797 0.0414337 0.0489377 -0.0142137 0.0015028 0.0312842 0.0007796 -0.0038083 0.0262469 0.0032171 0.0263753 0.0158671 -0.0029031 0.0421204 0.0081813 0.0039693 0.0003756 0.0102311 -0.0295066 0.0033582 -0.0084974 0.0124277 0.0101385 -0.0424150 0.0117296 0.0361665 0.0011748 0.0225636 0.0133814 0.0104303 0.0048131 -0.0033180 0.0100864 
0.0371207 0.0043305 0.0039633 -0.0249237 0.0027130 0.0079459 0.0005277 -0.0273076 -0.0186572 0.0154372 0.0003671 -0.0264885 0.0001357 0.0029922 0.0290163 0.0162577 0.0202959 -0.0065320 0.0047188 -0.0097880 0.0309067 0.0332557 0.0035774 -0.0231929 0.0020608 0.0143107 0.0447758 0.0239821 0.0209174 -0.0021839 0.0332891 0.0218030 0.0054438 0.0040629 -0.0215092 0.0018128 -0.0146835 
0.0044455 -0.0124207 0.0091600 0.0035339 0.0017856 0.0035823 0.0327138 0.0385491 0.0038974 -0.0079065 0.0332853 0.0061382 -0.0136301 -0.0009532 0.0045467 0.0124413 0.0048005 0.0102749 0.0156307 0.0384933 0.0281589 -0.0284213 0.0078267 0.0019965 0.0325760 0.0434954 -0.0077950 0.0026671 0.0020061 0.0129165 0.0240341 0.0363594 -0.0042839 -0.0005302 0.0098076 0.0008895 0.0345850 
0.0025397 0.0370415 0.0026501 0.0128736 0.0064998 0.0272520 -0.0183872 0.0019061 0.0146213 0.0014368 0.0085376 0.0021231 -0.0176773 0.0221037 0.0063541 0.0108694 0.0125338 -0.0201452 0.0004761 0.0222717 0.0023844 0.0059775 0.0272604 0.0252383 -0.0195895 0.0092627 0.0075514 -0.0282065 0.0307747 -0.0319875 0.0071284 0.0104725 0.0068221 0.0133484 0.0176496 0.0193592 0.0054599 
0.0183969 0.0154658 0.0330925 -0.0259677 0.0103856 -0.0135199 -0.0283466 0.0052177 -0.0284698 -0.0063398 0.0188404 0.0092421 0.0437616 0.0086365 0.0000858 0.0021989 0.0205368 0.0085448 0.0144363 0.0006094 0.0346258 0.0260559 0.0057015 -0.0442116 -0.0190180 -0.0102778 0.0038116 -0.0162595 0.0027008 0.0023575 -0.0073523 0.0224895 0.0042389 0.0039980 0.0375578 0.0092802 0.0282109 
0.0002462 0.0136603 0.0016634 0.0398719 0.0036163 0.0054288 0.0165742 0.0253269 0.0003031 0.0057737 0.0029261 -0.0114502 0.0444139 0.0151404 0.0164312 -0.0206010 -0.0048670 0.0158096 -0.0073073 0.0231475 -0.0156090 0.0116627 0.0154653 0.0046185 0.0079762 0.0096513 -0.0233884 -0.0009929 0.0184779 0.0063504 0.0203713 0.0206027 -0.0031045 -0.0008321 0.0151807 0.0324567 0.0081823 
0.0142764 0.0211922 0.0023958 -0.0016903 0.0212298 -0.0307555 0.0047407 0.0347962 0.0155201 0.0047677 -0.0195336 0.0026123 0.0043795 0.0016406 0.0290079 0.0098634 -0.0003306 0.0435671 -0.0310261 0.0284852 0.0083667 0.0115323 0.0124456 -0.0025094 0.0123399 0.0074345 0.0131802 0.0016042 0.0026349 0.0341211 0.0115209 -0.0368675 -0.0182098 -0.0067724 0.0156818 0.0217252 0.0005691 

0.4163584 3.4937009 -0.3615937 7.8194913 3.9403691 3.3479329 6.0735074 3.9317906 6.0135329 2.9748543 6.0765220 3.2302351 8.5183917 6.6111581 8.2002049 2.2731849 4.4584259 3.5752549 3.2621039 4.9437777 3.9542622 5.9807925 3.4849237 1.3602161 3.6843256 2.3711854 2.2402417 -1.0340413 1.2378102 0.4363796 6.0012942 4.9498434 3.7633133 1.7844552 7.7531588 1.0635154 0.6248648 